name weight farm sex snp1 snp2 snp3 snp4
Baby_Armadillo_1 122.866673948149 4 2 1 1 1 1
Baby_Armadillo_2 117.238851280091 1 2 2 2 0 0
Baby_Armadillo_3 109.960213518376 4 2 1 2 2 2
Baby_Armadillo_4 106.101196084623 2 1 0 1 2 2
Baby_Armadillo_5 106.410201924371 4 1 2 2 1 1
Baby_Armadillo_6 120.153795509979 3 1 0 0 2 0
Baby_Armadillo_7 110.667788103142 3 1 2 0 1 0
Baby_Armadillo_8 106.913192104975 2 2 0 1 0 0
Baby_Armadillo_9 117.182310308113 2 2 1 1 2 2
Baby_Armadillo_10 127.59262561529 2 2 0 0 0 1
Baby_Armadillo_11 114.273901103843 4 2 2 1 0 2
Baby_Armadillo_12 117.021026687752 3 1 0 1 0 2
Baby_Armadillo_13 119.894392829052 1 2 2 1 0 2
Baby_Armadillo_14 102.453740009847 2 1 2 1 0 2
Baby_Armadillo_15 114.85335031709 1 2 2 1 0 1
Baby_Armadillo_16 110.404916113183 2 2 0 0 1 0
Baby_Armadillo_17 107.329740705612 2 2 2 1 0 1
Baby_Armadillo_18 116.672029994241 1 2 0 1 2 1
Baby_Armadillo_19 121.557401627417 1 1 1 2 1 2
Baby_Armadillo_20 122.042503973917 4 2 1 0 0 2
Baby_Armadillo_21 105.728139087777 2 2 2 1 0 1
Baby_Armadillo_22 109.863544623854 2 1 1 1 1 1
Baby_Armadillo_23 113.93435729101 3 2 1 2 2 0
Baby_Armadillo_24 105.659666426576 4 1 0 2 2 0
Baby_Armadillo_25 118.474746063711 3 2 1 0 0 0
Baby_Armadillo_26 115.868046041401 1 1 2 0 2 1
Baby_Armadillo_27 118.186994695143 1 1 0 2 2 1
Baby_Armadillo_28 107.670148621346 3 1 0 2 1 0
Baby_Armadillo_29 105.986590329278 3 2 0 2 0 0
Baby_Armadillo_30 113.950368432501 4 1 0 2 2 1
Baby_Armadillo_31 109.95095651174 1 2 2 2 2 1
Baby_Armadillo_32 118.231817286525 1 1 1 1 2 2
Baby_Armadillo_33 113.193328537087 1 1 2 1 1 2
Baby_Armadillo_34 107.112345039537 2 1 2 0 1 0
Baby_Armadillo_35 114.9830777602 2 2 1 0 1 1
Baby_Armadillo_36 122.088662446999 3 2 0 0 2 1
Baby_Armadillo_37 93.6203548413704 4 1 2 1 1 0
Baby_Armadillo_38 104.641654847198 3 1 2 2 1 2
Baby_Armadillo_39 109.873115958609 2 2 1 1 1 1
Baby_Armadillo_40 102.227234821669 3 2 0 2 0 0
Baby_Armadillo_41 118.449408297472 1 1 1 1 1 1
Baby_Armadillo_42 124.142888635294 1 2 1 2 2 2
Baby_Armadillo_43 118.491762647048 1 1 0 0 1 2
Baby_Armadillo_44 109.028328352572 3 1 2 2 2 2
Baby_Armadillo_45 123.498319177464 1 2 0 0 2 0
Baby_Armadillo_46 105.057245506194 2 1 2 0 1 2
Baby_Armadillo_47 110.804171142963 4 2 2 2 1 2
Baby_Armadillo_48 112.489197385355 3 1 0 0 0 0
Baby_Armadillo_49 125.581434941428 1 2 0 2 1 1
Baby_Armadillo_50 105.41583076277 2 1 0 1 2 2
