name weight farm sex snp1 snp2 snp3 snp4
Armadillo_1 106.055742378226 1 1 0 2 1 0
Armadillo_2 116.034922557149 1 1 2 1 1 1
Armadillo_3 109.174617585147 4 2 0 2 1 0
Armadillo_4 110.400307967211 4 1 1 1 2 0
Armadillo_5 121.060098034509 3 2 0 1 2 1
Armadillo_6 116.196965613453 1 1 1 1 1 2
Armadillo_7 114.264372154135 2 2 0 0 0 2
Armadillo_8 108.975034016368 3 1 0 0 1 2
Armadillo_9 121.87947418676 1 2 1 0 1 0
Armadillo_10 101.795091655885 2 1 1 1 0 0
Armadillo_11 110.837028970638 1 1 2 1 1 0
Armadillo_12 126.011168519207 1 2 0 2 1 0
Armadillo_13 119.183007615162 2 2 1 0 1 1
Armadillo_14 115.965894015852 4 1 1 0 2 1
Armadillo_15 119.081689309862 1 2 0 2 0 1
Armadillo_16 118.304375179796 1 1 0 2 1 2
Armadillo_17 116.309988409087 1 2 2 1 2 2
Armadillo_18 108.44462148019 2 2 0 2 1 1
Armadillo_19 115.492066407279 1 2 2 1 2 2
Armadillo_20 109.661506141802 4 1 1 0 2 0
Armadillo_21 120.385152599381 1 2 2 2 0 2
Armadillo_22 118.210261266811 2 2 2 2 0 1
Armadillo_23 113.923906496373 3 1 0 0 2 0
Armadillo_24 120.396045332345 1 2 0 1 0 0
Armadillo_25 112.140504615615 1 1 2 1 1 1
Armadillo_26 108.478630754525 3 2 2 1 0 0
Armadillo_27 106.187351133357 1 1 1 2 2 0
Armadillo_28 114.203915708732 3 1 2 1 1 2
Armadillo_29 109.390233848821 3 2 1 0 1 0
Armadillo_30 118.909862336294 1 2 0 1 2 0
Armadillo_31 122.367024760954 1 2 1 0 2 2
Armadillo_32 109.554732661187 2 2 2 0 2 2
Armadillo_33 112.240069945604 2 2 1 0 0 0
Armadillo_34 111.796657954488 3 1 1 2 2 1
Armadillo_35 112.606155661968 4 2 0 2 0 1
Armadillo_36 119.373185135475 1 2 0 1 0 2
Armadillo_37 112.734404447032 4 1 2 1 2 1
Armadillo_38 110.521472607719 2 2 1 0 0 1
Armadillo_39 117.267733414309 3 2 2 1 2 1
Armadillo_40 105.65599909564 2 1 2 0 0 0
Armadillo_41 114.124791632411 4 2 1 2 1 2
Armadillo_42 107.349246361909 2 2 2 0 1 2
Armadillo_43 115.294168994211 4 2 2 0 0 0
Armadillo_44 118.662465210766 4 2 1 0 0 2
Armadillo_45 106.103184256942 3 1 2 1 2 0
Armadillo_46 109.625682118488 4 1 0 2 0 2
Armadillo_47 122.514898843916 1 2 1 0 2 2
Armadillo_48 117.311405504969 4 2 0 1 1 1
Armadillo_49 110.941272116828 4 2 1 1 1 2
Armadillo_50 108.276058411076 3 1 2 1 0 2
Armadillo_51 126.24314227172 1 2 2 0 1 1
Armadillo_52 112.108063617053 3 2 2 1 2 0
Armadillo_53 99.4800364370105 4 1 1 2 1 2
Armadillo_54 112.999394522872 2 1 1 1 1 1
Armadillo_55 119.603091411724 3 2 0 0 2 2
Armadillo_56 121.802056103492 1 1 2 0 2 1
Armadillo_57 119.223753787638 1 2 0 2 1 0
Armadillo_58 121.186547618907 1 2 0 1 1 2
Armadillo_59 120.816707259362 1 1 0 1 2 2
Armadillo_60 108.861331606504 3 1 1 0 2 2
Armadillo_61 120.48876875231 4 2 0 0 1 0
Armadillo_62 117.57129434646 2 2 1 0 2 2
Armadillo_63 97.2701808621712 2 1 1 1 0 0
Armadillo_64 108.568157661804 2 2 1 0 2 2
Armadillo_65 124.566612537193 1 2 0 1 1 1
Armadillo_66 114.586009084005 2 2 1 1 2 1
Armadillo_67 112.095282623247 2 1 2 0 0 2
Armadillo_68 118.249840392381 1 1 0 1 0 0
Armadillo_69 116.820985938472 1 2 1 0 2 0
Armadillo_70 124.529443902287 1 1 0 1 2 2
Armadillo_71 124.926603247222 4 2 0 1 2 2
Armadillo_72 108.905541540343 4 1 0 2 0 2
Armadillo_73 104.578881618065 2 2 1 0 0 0
Armadillo_74 105.477657120989 2 1 0 0 2 1
Armadillo_75 120.719894707609 4 2 1 1 2 1
Armadillo_76 103.067039678301 2 1 0 0 0 2
Armadillo_77 105.042987385068 2 1 1 1 0 1
Armadillo_78 110.951448668129 3 2 1 1 2 2
Armadillo_79 96.2803449813706 2 1 1 0 1 0
Armadillo_80 113.373716139359 3 2 0 1 1 1
Armadillo_81 115.246291504863 3 2 1 2 1 0
Armadillo_82 114.578859684063 3 1 0 0 1 2
Armadillo_83 128.520687928261 4 2 1 0 2 2
Armadillo_84 115.855086827776 1 1 2 0 1 2
Armadillo_85 111.57683889596 3 2 1 1 0 0
Armadillo_86 116.401414114798 1 1 0 1 0 2
Armadillo_87 115.293211195594 2 2 2 0 2 2
Armadillo_88 126.477961565115 1 2 0 1 0 2
Armadillo_89 105.605989811907 2 1 2 0 2 0
Armadillo_90 101.958233791517 4 1 2 0 0 0
Armadillo_91 115.713262836517 4 2 0 2 2 0
Armadillo_92 109.649607618095 3 2 1 2 0 0
Armadillo_93 121.551127181116 1 2 0 1 1 1
Armadillo_94 116.057358592465 4 2 0 0 0 1
Armadillo_95 111.146582917254 2 2 1 1 0 0
Armadillo_96 111.837229437128 4 2 1 0 1 0
Armadillo_97 105.627765300453 4 1 2 2 0 0
Armadillo_98 111.993108170587 3 1 1 0 2 0
Armadillo_99 114.677147596085 3 1 1 2 2 1
Armadillo_100 117.935508533325 1 1 2 1 2 2
Armadillo_101 105.469421209274 2 1 2 1 2 1
Armadillo_102 115.309207151561 1 1 2 0 0 0
Armadillo_103 112.378243194842 2 2 1 1 2 2
Armadillo_104 115.993900559842 1 2 2 2 1 2
Armadillo_105 116.121992470005 1 2 2 1 0 0
Armadillo_106 106.025946570117 2 1 2 0 1 1
Armadillo_107 106.159681129528 2 1 1 1 2 2
Armadillo_108 109.305546756493 4 2 1 0 1 2
Armadillo_109 110.692660648232 2 2 0 2 0 1
Armadillo_110 112.407937037657 2 1 0 1 1 2
Armadillo_111 107.138626859362 1 1 2 2 0 0
Armadillo_112 115.132599878917 1 1 1 2 0 2
Armadillo_113 113.629883038217 4 2 0 1 0 0
Armadillo_114 105.837369779316 2 1 0 2 0 2
Armadillo_115 121.424045380891 1 2 1 1 1 1
Armadillo_116 100.678161603846 3 1 1 1 0 0
Armadillo_117 110.76950985276 4 1 2 0 2 2
Armadillo_118 119.080519827946 4 2 0 2 1 2
Armadillo_119 125.256217962255 1 2 2 2 2 2
Armadillo_120 112.437515344114 4 1 0 0 2 1
Armadillo_121 109.497414090891 2 2 2 0 1 0
Armadillo_122 112.514515142879 4 1 2 1 2 2
Armadillo_123 108.254658526059 2 1 1 2 1 2
Armadillo_124 107.064891023983 1 1 0 1 1 0
Armadillo_125 117.111245599196 1 1 1 0 1 1
Armadillo_126 121.550918657032 1 2 2 1 1 2
Armadillo_127 106.601690360395 3 1 2 0 0 1
Armadillo_128 111.342099352292 1 1 0 1 2 1
Armadillo_129 110.279355581186 2 2 0 1 0 1
Armadillo_130 116.335346531278 3 2 1 0 1 0
Armadillo_131 103.183870266722 2 1 2 2 0 2
Armadillo_132 109.46259610401 4 2 2 2 1 1
Armadillo_133 120.227747578605 1 2 0 0 1 1
Armadillo_134 116.259704252186 4 2 0 1 1 2
Armadillo_135 104.642429898435 3 1 1 1 1 2
Armadillo_136 115.331762122187 4 2 0 2 0 1
Armadillo_137 110.094233955128 3 1 2 1 1 1
Armadillo_138 117.901328000445 1 2 2 1 2 0
Armadillo_139 120.407939831383 3 2 0 0 0 2
Armadillo_140 110.687508844609 3 1 0 0 2 0
Armadillo_141 104.217445807095 2 2 2 1 0 0
Armadillo_142 107.874800390774 2 2 0 2 1 0
Armadillo_143 119.002261253248 3 2 2 1 0 2
Armadillo_144 115.715059495084 1 1 0 0 2 0
Armadillo_145 113.924067199987 4 2 2 2 1 2
Armadillo_146 110.289286498852 4 1 0 1 1 0
Armadillo_147 117.544892576757 1 2 2 0 0 2
Armadillo_148 124.95521968981 1 2 2 0 2 0
Armadillo_149 114.301548445896 1 1 2 2 0 2
Armadillo_150 106.847134192131 4 1 0 1 1 0
Armadillo_151 96.4986458160089 2 2 1 2 2 0
Armadillo_152 107.093330074854 3 1 2 1 1 0
Armadillo_153 106.345671855013 2 1 0 0 2 2
Armadillo_154 119.928431301418 1 2 1 2 2 1
Armadillo_155 113.259379593593 1 1 0 1 0 0
Armadillo_156 113.915064547995 4 1 0 2 1 2
Armadillo_157 114.302149762519 1 1 2 2 1 0
Armadillo_158 117.731863822048 3 2 0 1 1 1
Armadillo_159 110.726148528929 1 1 1 2 2 0
Armadillo_160 107.850593656285 3 1 0 1 1 1
Armadillo_161 112.722487421516 1 2 1 2 2 0
Armadillo_162 125.599840735336 3 2 2 0 2 2
Armadillo_163 116.848222405761 4 1 2 1 2 2
Armadillo_164 119.607248111838 1 2 0 2 1 0
Armadillo_165 112.549171874069 4 2 1 1 2 1
Armadillo_166 120.085121496723 1 2 1 0 2 0
Armadillo_167 114.471398283461 1 1 0 1 2 2
Armadillo_168 109.951169942394 3 2 1 2 1 1
Armadillo_169 119.42422932042 1 2 0 2 0 2
Armadillo_170 111.422237946245 2 2 1 0 2 1
Armadillo_171 109.921095038277 3 1 0 0 2 0
Armadillo_172 106.431596093159 2 1 0 2 2 0
Armadillo_173 107.983490182795 4 1 1 2 1 0
Armadillo_174 112.411366604212 3 1 1 1 1 2
Armadillo_175 116.07261660121 1 2 1 1 0 1
Armadillo_176 112.417286406478 3 2 2 2 1 2
Armadillo_177 105.858723943686 3 1 0 1 0 0
Armadillo_178 108.979850212692 1 1 1 2 2 0
Armadillo_179 109.427906406339 2 2 2 0 0 2
Armadillo_180 113.62339874423 4 2 1 1 0 2
Armadillo_181 108.116259147942 4 2 2 1 2 0
Armadillo_182 114.436777152414 3 2 0 2 1 1
Armadillo_183 113.480616936381 1 2 1 1 0 0
Armadillo_184 112.01927676366 1 1 0 2 1 1
Armadillo_185 107.555475984569 4 1 2 1 0 0
Armadillo_186 118.781752346241 4 2 0 1 2 2
Armadillo_187 110.49757955213 2 2 0 1 0 2
Armadillo_188 114.372350316918 3 2 1 1 2 2
Armadillo_189 101.689881560941 3 1 2 2 0 2
Armadillo_190 112.10769529898 4 2 2 2 0 0
Armadillo_191 105.028128872316 3 1 2 1 1 0
Armadillo_192 115.323597048039 4 2 0 1 2 1
Armadillo_193 108.224662560311 2 2 1 1 1 2
Armadillo_194 107.890736915249 3 2 0 2 1 1
Armadillo_195 110.127504736926 3 1 1 2 2 2
Armadillo_196 111.134330001942 1 2 2 2 1 1
Armadillo_197 119.671303847549 4 2 1 1 1 0
Armadillo_198 117.462866544763 3 2 0 2 1 2
Armadillo_199 116.762115849798 1 2 2 0 0 1
Armadillo_200 116.499209895576 1 1 0 0 2 2
